-0.09443068368459527 0.2924719086321571 0.615739460988245 0.6644077728974015 0.742934075203338 -0.01460181621441421 0.07998786269501432
-0.09443074977552585 0.292470481436312 0.5788779259462274 0.6644064211197799 0.7429352762663813 -0.014602017551814228 0.07998789869235139
-0.09443111062546444 0.2587159775860062 0.5788786950324426 0.6644075221970783 0.7429341548825814 -0.014600486687199009 0.07998944771243512
-0.06264194530829993 0.2775776413539716 0.5788789492618838 0.6644099978105638 0.7429321470939285 -0.014600390235445786 0.07998755046096118
-0.15045178114372426 0.2775757416500968 0.5788785088835989 0.6644065529264771 0.7429350356171405 -0.014602117600132742 0.07998902076226776
-0.08969420016114012 0.255637880605623 0.605886854139668 0.6374025778868146 0.766553015487625 -0.053913879605225465 0.056636752519768394
-0.09324060646165364 0.2152108169173077 0.636293585687685 0.6210009685482807 0.7797131035605743 -0.056282934154248905 0.0568990731121592
-0.08706566776474638 0.2855057533765254 0.6022620355417889 0.6697037440716744 0.7388858676356066 -0.04906953810238106 0.05600669794923697
-0.08209906150243958 0.24683553535008249 0.613893220154938 0.6421148344527475 0.7597828532342191 -0.015972621285317904 0.1008138416898472
-0.08210088850932418 0.31625590188712394 0.6138966857938426 0.6421144890299629 0.7597831790552013 -0.015969682424889272 0.10081405182716154
-0.0820994898053607 0.36716965948126196 0.6138942182503717 0.6421160195427544 0.7597819923671424 -0.015971836024609262 0.10081290579676641
-0.14422500200075086 0.3188217239326465 0.6138939215227721 0.6421148963831688 0.759782996485842 -0.01597135517638918 0.1008125682028639
-0.14422783947928336 0.2804792142631556 0.6138927024245039 0.6333966324144285 0.7590120159344371 0.037724149685620954 0.14589843811261355
-0.14422471308899448 0.3864562515559477 0.6138941183226957 0.6300148821596893 0.7210063366304704 -0.07543640295074298 0.27846087679578024